3.787047745111630093e+02 4.657246154463779675e+01 2.896070976054010160e+01 2.228810970752460108e+01 1.311436660451679970e+01 8.886932723518029320e+00 8.655854674946159122e+00 5.671389157585499774e+00 4.878835715832949838e+00 3.525250039328620133e+00 2.839477147147630109e+00 1.318566702691170045e+00 6.918525330981329935e-01
4.657246154463779675e+01 1.372042411807919962e+02 2.568141652791349827e+01 2.067544025410819941e+01 9.594417720270650207e+00 8.551743367628150239e+00 5.778369300195359770e+00 4.926622196666840203e+00 4.134224652602410011e+00 3.444104053080859984e+00 2.023745835858070219e+00 1.194986173262089890e+00 3.717916834928040037e-01
2.896070976054010160e+01 2.568141652791349827e+01 4.547338846215279773e+01 1.798043211765190108e+01 9.450901829666319642e+00 7.433810408297969907e+00 5.654399610403279652e+00 4.321835947246460030e+00 4.476536020900089952e+00 3.449837103633259794e+00 2.568731597108659948e+00 1.587188317367749901e+00 1.117636685791469908e+00
2.228810970752460108e+01 2.067544025410819941e+01 1.798043211765190108e+01 2.236241975509980051e+01 9.515707875861229681e+00 5.955250735726649758e+00 5.616954759489040327e+00 4.244935727392699754e+00 3.447372865973969969e+00 2.446306890971889914e+00 1.778204769916639894e+00 1.273742926277610099e+00 7.389606481968890028e-01
1.311436660451679970e+01 9.594417720270650207e+00 9.450901829666319642e+00 9.515707875861229681e+00 8.839265643646289305e+00 4.941796973990830288e+00 4.141694619048619685e+00 3.761606261748459801e+00 3.088826946841999987e+00 2.204803325201349917e+00 1.401577371906699954e+00 9.990925742600369475e-01 5.082535222716709766e-01
8.886932723518029320e+00 8.551743367628150239e+00 7.433810408297969907e+00 5.955250735726649758e+00 4.941796973990830288e+00 4.922647672665339869e+00 3.684046768770639968e+00 3.093360260530450212e+00 2.588182522258970053e+00 1.891355465879879905e+00 1.194002311915379977e+00 7.493782062593149496e-01 3.405683294814250139e-01
8.655854674946159122e+00 5.778369300195359770e+00 5.654399610403279652e+00 5.616954759489040327e+00 4.141694619048619685e+00 3.684046768770639968e+00 4.211368689622309702e+00 3.221815986452400082e+00 2.685829341122739855e+00 2.033887071217550080e+00 1.245435186649350046e+00 7.939747184906430499e-01 3.690693989496909855e-01
5.671389157585499774e+00 4.926622196666840203e+00 4.321835947246460030e+00 4.244935727392699754e+00 3.761606261748459801e+00 3.093360260530450212e+00 3.221815986452400082e+00 3.232970340625799910e+00 2.510099815534229784e+00 1.825822386319309931e+00 1.119049276902760015e+00 6.978259403269609917e-01 2.500937990468620198e-01
4.878835715832949838e+00 4.134224652602410011e+00 4.476536020900089952e+00 3.447372865973969969e+00 3.088826946841999987e+00 2.588182522258970053e+00 2.685829341122739855e+00 2.510099815534229784e+00 2.390511668440700177e+00 1.737356507380970028e+00 1.040201459571459930e+00 6.447390355754419877e-01 2.932421086585749737e-01
3.525250039328620133e+00 3.444104053080859984e+00 3.449837103633259794e+00 2.446306890971889914e+00 2.204803325201349917e+00 1.891355465879879905e+00 2.033887071217550080e+00 1.825822386319309931e+00 1.737356507380970028e+00 1.597392669829160061e+00 1.007934145773440093e+00 5.986486547188160090e-01 2.927173834611270231e-01
2.839477147147630109e+00 2.023745835858070219e+00 2.568731597108659948e+00 1.778204769916639894e+00 1.401577371906699954e+00 1.194002311915379977e+00 1.245435186649350046e+00 1.119049276902760015e+00 1.040201459571459930e+00 1.007934145773440093e+00 8.751007469640940117e-01 5.469541334553620349e-01 2.684081373250060132e-01
1.318566702691170045e+00 1.194986173262089890e+00 1.587188317367749901e+00 1.273742926277610099e+00 9.990925742600369475e-01 7.493782062593149496e-01 7.939747184906430499e-01 6.978259403269609917e-01 6.447390355754419877e-01 5.986486547188160090e-01 5.469541334553620349e-01 5.093900851639999727e-01 2.654297109786170061e-01
6.918525330981329935e-01 3.717916834928040037e-01 1.117636685791469908e+00 7.389606481968890028e-01 5.082535222716709766e-01 3.405683294814250139e-01 3.690693989496909855e-01 2.500937990468620198e-01 2.932421086585749737e-01 2.927173834611270231e-01 2.684081373250060132e-01 2.654297109786170061e-01 2.958109405045830087e-01
